[1, [0.06129021 0.03707913 0.06099619 0.05063145 0.09077979 0.05720913
 0.06409548 0.06658665 0.07226095 0.05194872 0.0537858  0.08245343
 0.09443716 0.07869829 0.08371803 0.08184514 0.10896499 0.0685119
 0.0449007  0.10232271 0.07303813 0.13609123 0.06380062 0.11140486
 0.08632242 0.13761036 0.10454444 0.13039922 0.09610884 0.0912664
 0.06740714 0.07764741 0.07448839 0.08148821 0.12796879 0.10991829
 0.09605393 0.08818878 0.10151342 0.11065555]],[2, [0.0590399  0.06087982 0.06366266 0.06867251 0.10681023 0.09465548
 0.04143982 0.10647494 0.0545488  0.11632869 0.08749806 0.07645351
 0.12328931 0.12021921 0.07293857 0.08579878 0.10200796 0.11064916
 0.07664118 0.09269441 0.10134669 0.13630508 0.09395776 0.11811867
 0.07182735 0.08409875 0.08501773 0.13601221 0.1223215  0.08538791
 0.06457221 0.06638647 0.08734982 0.10239448 0.09089201 0.05727352
 0.11278983 0.10739508 0.10254867 0.09922504]],[0, [0.05911984 0.08358522 0.04464955 0.02934757 0.08993941 0.03882923
 0.07550926 0.04295316 0.06293342 0.06014836 0.0586546  0.03932467
 0.07835958 0.0729949  0.04609318 0.07224777 0.07667797 0.08279025
 0.09697346 0.08636364 0.11651712 0.10081849 0.08198809 0.07046872
 0.09456308 0.05537026 0.1285827  0.06681769 0.09327783 0.09353598
 0.08639221 0.09262656 0.08589911 0.07086606 0.09266443 0.13803739
 0.06616119 0.06829143 0.09051454 0.06282242]],[4, [0.07532644 0.10116942 0.11724152 0.10097488 0.09853453 0.04851175
 0.059915   0.11117707 0.07376858 0.08633804 0.07369399 0.08644688
 0.05774329 0.06825801 0.06644644 0.06440332 0.09035006 0.07915067
 0.08160805 0.10615732 0.06307383 0.08079796 0.07013    0.06157025
 0.09298248 0.07202831 0.10253492 0.05092606 0.06295127 0.07001342
 0.0764519  0.06072176 0.06688648 0.08599486 0.08613174 0.08340352
 0.0685333  0.10098112 0.09934373 0.07731965]],[19, [0.07517485 0.10556303 0.0604051  0.06248852 0.06511371 0.06524947
 0.06497129 0.06898638 0.04585228 0.0598902  0.07396896 0.04104889
 0.05143535 0.09045824 0.06062402 0.07145409 0.04342036 0.03604354
 0.03833326 0.05658794 0.03221413 0.03505815 0.02732872 0.04237988
 0.04540238 0.03565974 0.03643231 0.02310052 0.04013291 0.02261495
 0.02679747 0.02913295 0.02298252 0.02463989 0.03365494 0.03002665
 0.03085332 0.04011328 0.02333475 0.02468638]],[20, [0.1123345  0.08776827 0.07201081 0.09663308 0.05322646 0.03853746
 0.06665162 0.07994691 0.05903888 0.05011196 0.05318744 0.05483092
 0.04166603 0.04836285 0.04519836 0.03061231 0.05815966 0.03902021
 0.03464487 0.02579772 0.04069161 0.04013613 0.04491735 0.03798757
 0.03144068 0.03487002 0.01581914 0.03682519 0.0331678  0.02830082
 0.03094271 0.02440044 0.03194106 0.03083487 0.02487281 0.03298907
 0.01510243 0.01679869 0.02348504 0.01925214]],[3, [0.06593202 0.09723957 0.09632424 0.06642394 0.0796823  0.08392577
 0.10230835 0.13729905 0.06850322 0.0904108  0.10559197 0.08431634
 0.06722955 0.09880721 0.11373754 0.07123829 0.09874682 0.09445607
 0.10734092 0.10699351 0.10049754 0.10754222 0.09021596 0.09578544
 0.06118265 0.07242891 0.06133192 0.09350514 0.07465028 0.08157122
 0.10611706 0.13115409 0.12784938 0.0727752  0.06123098 0.07764934
 0.11801413 0.06903573 0.07102721 0.06065589]],[18, [0.09750816 0.09513502 0.0746892  0.05769599 0.06305812 0.07367337
 0.07217755 0.07042257 0.05865261 0.04625034 0.0590015  0.07612383
 0.05562745 0.06149579 0.03033827 0.0334668  0.02822982 0.05590334
 0.01754811 0.05185267 0.03550642 0.04045326 0.02979112 0.04302822
 0.03509466 0.04478819 0.03439843 0.05070744 0.03231055 0.0301573
 0.03470889 0.02769486 0.0237117  0.02119891 0.02126994 0.02898184
 0.02294231 0.01539095 0.02680221 0.02478972]],[5, [0.08088862 0.07323182 0.10503322 0.07824749 0.07109043 0.08212663
 0.08738147 0.07117989 0.07138469 0.08223184 0.06185713 0.03572077
 0.07911015 0.06433935 0.07992835 0.1103112  0.09185192 0.08913537
 0.11112098 0.09069355 0.03417992 0.10957619 0.0906263  0.06851352
 0.10413388 0.08831008 0.04927203 0.11000667 0.08360057 0.07888614
 0.04833464 0.07602158 0.06059422 0.06381224 0.07022872 0.05879138
 0.05355848 0.07365809 0.07029589 0.05385746]],[12, [0.04440877 0.08362726 0.10513098 0.06309678 0.057587   0.04600213
 0.08669403 0.07725732 0.09364868 0.08379477 0.05656995 0.06631655
 0.06575731 0.06668228 0.0525311  0.06377138 0.09319756 0.04484869
 0.06928587 0.0509004  0.05371032 0.04939227 0.0538085  0.04091787
 0.01813983 0.04212105 0.05866011 0.03393238 0.03846196 0.05290306
 0.04867855 0.027155   0.04517185 0.02606058 0.0310015  0.03203208
 0.0419347  0.02178661 0.0328343  0.04910976]],[13, [0.08298563 0.1109169  0.07566772 0.05777045 0.1043497  0.11816528
 0.09942948 0.08244991 0.07513969 0.05244545 0.07919409 0.07080153
 0.05355414 0.07382467 0.05576886 0.05743661 0.05777173 0.03585731
 0.05143513 0.04725467 0.04989603 0.06482017 0.06011247 0.05126657
 0.04562322 0.03238667 0.02711872 0.03289501 0.03992827 0.02863886
 0.03122586 0.05609184 0.04160961 0.03716737 0.05031075 0.028062
 0.01877495 0.02591799 0.02405583 0.02122657]],[11, [0.07712524 0.06834404 0.12964765 0.05932078 0.11050373 0.05203421
 0.07782646 0.04851887 0.08122419 0.06783894 0.05668854 0.06742004
 0.07611401 0.0682551  0.05625983 0.06494397 0.06299362 0.05644456
 0.0409128  0.06402426 0.0451878  0.06124604 0.05761745 0.03756221
 0.04772712 0.05284532 0.04033547 0.04818236 0.05208089 0.03322695
 0.04606721 0.04387863 0.05289899 0.01943326 0.04593412 0.05015423
 0.02819065 0.03713343 0.02686921 0.02913628]],[10, [0.08345984 0.07775046 0.10684986 0.08480236 0.07492831 0.07106328
 0.07080784 0.09287814 0.09433876 0.0669173  0.07145925 0.07720318
 0.05963769 0.05406806 0.04534113 0.04706085 0.04634213 0.0588142
 0.06677717 0.04935193 0.04056808 0.04200956 0.07383384 0.04826555
 0.05487847 0.05386749 0.03455454 0.05213459 0.06415265 0.05539806
 0.03022409 0.03535249 0.05509312 0.03168833 0.04126134 0.04830756
 0.02440851 0.04332747 0.05035588 0.0465113 ]],[16, [0.10156764 0.10030382 0.05254447 0.07466734 0.06411339 0.07600088
 0.06494034 0.02828504 0.09412114 0.06053047 0.02630869 0.05809321
 0.04946384 0.05087638 0.06702041 0.03951147 0.03856052 0.03505137
 0.05672604 0.0276204  0.05776451 0.03742325 0.03250832 0.03639663
 0.04069787 0.05240627 0.03442702 0.04686757 0.02600609 0.03946212
 0.03056496 0.03474291 0.02121719 0.03504389 0.03125514 0.02464376
 0.03256036 0.02357426 0.02192524 0.03413327]],[14, [0.07858415 0.08827058 0.06051228 0.08870566 0.10181545 0.11638201
 0.09390537 0.06369231 0.05373366 0.07495882 0.0655309  0.04100078
 0.0435111  0.04872538 0.0336147  0.05301074 0.04119914 0.03707673
 0.04252377 0.0534018  0.05120374 0.03853639 0.0456502  0.03918368
 0.03487573 0.03953807 0.04579693 0.04826708 0.02313808 0.03191651
 0.02745677 0.02396366 0.03152113 0.03622503 0.03086853 0.02437466
 0.02583811 0.03561511 0.01980488 0.01788653]],[15, [0.09859401 0.08745815 0.09936329 0.0859002  0.07549438 0.07809338
 0.05853377 0.05672611 0.09562195 0.05005244 0.05862943 0.04229215
 0.06972281 0.046749   0.03466322 0.06458957 0.0645083  0.04450049
 0.06326743 0.04778572 0.03650505 0.06220116 0.03053862 0.0575574
 0.02255623 0.02329269 0.03544644 0.04181102 0.03343628 0.01761471
 0.04322419 0.04285523 0.02785033 0.0382062  0.02903396 0.0340414
 0.02631666 0.03989429 0.02332404 0.02668487]],[8, [0.09698092 0.07698914 0.06007125 0.05290819 0.08199722 0.0750799
 0.05816426 0.08265116 0.07927705 0.08982836 0.06947766 0.07698972
 0.1020207  0.08681463 0.05816299 0.0545954  0.08212013 0.03976815
 0.06383578 0.05622022 0.04759754 0.07360402 0.05614667 0.0579631
 0.05272132 0.06899496 0.08576481 0.04574112 0.05692805 0.0442623
 0.04279843 0.06266134 0.03793181 0.04835823 0.04989676 0.05125104
 0.05836892 0.04417552 0.03745475 0.04214531]],[7, [0.07052662 0.05456859 0.05833972 0.07707975 0.09460369 0.06886036
 0.06970768 0.07514596 0.07923037 0.07030471 0.04951637 0.08360445
 0.09107737 0.05913045 0.09545231 0.08696197 0.06488697 0.05629753
 0.05349752 0.05230465 0.05278508 0.04574007 0.06236456 0.03879251
 0.05208701 0.08940925 0.07127146 0.04971692 0.0780257  0.03738932
 0.07121784 0.05257748 0.06197691 0.04981107 0.06469902 0.02228987
 0.03778264 0.05529767 0.05720661 0.06219975]],[17, [0.10853141 0.1288698  0.04664574 0.07089007 0.05348156 0.06777905
 0.08292936 0.07731483 0.06447255 0.0611368  0.05988834 0.05584555
 0.02908071 0.04071764 0.04050816 0.04160431 0.04429692 0.04496705
 0.04883619 0.05417408 0.04180012 0.0373206  0.03883534 0.02149206
 0.03763977 0.03594678 0.01886529 0.01481442 0.03196664 0.02676237
 0.02205957 0.03866953 0.01995952 0.02295999 0.03484882 0.03689369
 0.0396667  0.03107275 0.01229045 0.02006576]],[9, [0.11224572 0.10417231 0.058397   0.09092023 0.07955447 0.05528838
 0.08966918 0.06407868 0.0605999  0.06645024 0.07004793 0.06166126
 0.04370165 0.05023241 0.06450919 0.06268644 0.05584663 0.07593641
 0.07015244 0.06546171 0.03965025 0.04565606 0.06630966 0.0667145
 0.05640047 0.05703614 0.05227111 0.03384325 0.03748189 0.0426978
 0.040948   0.06578036 0.03282836 0.03474453 0.03963454 0.05601158
 0.03630605 0.04642969 0.04778436 0.01785474]],[6, [0.05441161 0.07634414 0.06897959 0.11536442 0.09539753 0.07512047
 0.10522909 0.05718524 0.08755692 0.0845478  0.06008865 0.09007898
 0.09278119 0.06389156 0.06311494 0.05042579 0.07686541 0.04343757
 0.07539862 0.06040215 0.04937409 0.05462358 0.07815315 0.06695381
 0.06754213 0.05299112 0.07394861 0.05258326 0.06697366 0.08886728
 0.05336271 0.0586178  0.06202253 0.06135333 0.06739538 0.04653545
 0.05097879 0.04643486 0.06392062 0.04787214]],