[3, [0.08945708 0.02864543 0.04514521 0.04461887 0.08584451 0.07039735
 0.07196249 0.06013088 0.04976541 0.03753914 0.04959143 0.0721496
 0.0530268  0.07992179 0.06769884 0.06507907 0.06304575 0.04864453
 0.04601459 0.06065298 0.07728393 0.05156816 0.05899179 0.11093329
 0.05812961 0.08726334 0.04783404 0.05859845 0.08044463 0.07933655
 0.05333734 0.10834285 0.0256174  0.08580729 0.08079119 0.07093256
 0.05472102 0.0755495  0.05407271 0.06662914 0.08107651 0.06975849
 0.08090453 0.08168563 0.03530059 0.06249197 0.07743841 0.08621828
 0.05001515 0.07174232 0.06905327 0.06923117 0.07187393 0.06908669
 0.0740415  0.07965256 0.07988913 0.04212761 0.04628872 0.07990116
 0.04324127 0.07014775 0.04660142 0.059236   0.06094087]],[4, [0.08142041 0.0612239  0.07137933 0.05260351 0.04621089 0.08630946
 0.04854487 0.0583276  0.04803959 0.07349047 0.04457253 0.063912
 0.08335305 0.05568361 0.04845964 0.08958577 0.09043601 0.06685269
 0.06636721 0.0757298  0.10246834 0.06250949 0.07105752 0.04476442
 0.10787231 0.07897448 0.06392068 0.09131379 0.04588068 0.05841718
 0.08090816 0.08007706 0.0413251  0.07304493 0.06690133 0.07613575
 0.04981201 0.05357839 0.06344267 0.07623562 0.06779124 0.06186325
 0.07360813 0.06185355 0.03794043 0.05047593 0.07426035 0.03973664
 0.046682   0.05903903 0.05214688 0.04926516 0.06357228 0.05503213
 0.0595913  0.08789658 0.08626096 0.07011348 0.0469655  0.06065106
 0.05927146 0.06687829 0.03585717 0.05090609 0.04526028]],[5, [0.08168402 0.07138004 0.04703458 0.03492058 0.07849849 0.03649107
 0.07607202 0.05951908 0.06160475 0.06422385 0.08846421 0.07825339
 0.0588586  0.06247161 0.03470352 0.062051   0.08743162 0.09881892
 0.08344661 0.06493602 0.10009116 0.07779402 0.03957648 0.07353609
 0.09077455 0.06376645 0.0476433  0.07732078 0.06391966 0.07600663
 0.07100038 0.08883312 0.05761537 0.0612371  0.06531064 0.05096746
 0.06736502 0.04760568 0.03299155 0.06305892 0.0494304  0.06236355
 0.0440162  0.04568197 0.04065367 0.05430637 0.04622414 0.04999329
 0.03089558 0.06431284 0.06035545 0.05080524 0.04933647 0.0566698
 0.04335347 0.04818207 0.02475499 0.04606504 0.03632213 0.06323685
 0.03323306 0.06452161 0.04640427 0.05790634 0.031457  ]],[1, [0.03712141 0.04547242 0.04103822 0.04807618 0.05221538 0.05365092
 0.03240147 0.06477797 0.03741438 0.03868449 0.0483341  0.05261872
 0.06977127 0.08373464 0.0605225  0.04436592 0.0466274  0.05393783
 0.06691536 0.0444681  0.07439987 0.04870051 0.06935008 0.07540827
 0.05733108 0.07741654 0.09224278 0.0749601  0.07689938 0.06366001
 0.06486385 0.06698626 0.06846783 0.08555133 0.08298774 0.08060668
 0.03903027 0.09784607 0.07048634 0.06095276 0.07015779 0.09153891
 0.05088287 0.07891153 0.08147219 0.08716709 0.07992303 0.09028808
 0.07923439 0.09715275 0.061707   0.04915944 0.08891921 0.08356371
 0.06439333 0.08078677 0.04644665 0.10257332 0.05940606 0.08524901
 0.07460966 0.06663185 0.05124958 0.07401263 0.08863235]],[2, [0.08668814 0.07179706 0.05622451 0.04965181 0.04775073 0.04689848
 0.05119866 0.07198462 0.06768884 0.04243976 0.05230078 0.07280995
 0.06007218 0.05156108 0.07349859 0.10647145 0.07355875 0.05965298
 0.0454445  0.08697909 0.0519046  0.06670049 0.0616241  0.05669428
 0.06227105 0.09194132 0.07132924 0.05550666 0.08823387 0.08898045
 0.04616613 0.11308763 0.10823171 0.08183953 0.0676196  0.07758273
 0.02389266 0.05606299 0.05833811 0.07666481 0.08509742 0.07635382
 0.07734157 0.08729975 0.07086137 0.07062829 0.05460948 0.0516327
 0.09876031 0.04826683 0.06145732 0.08040281 0.0411791  0.07661705
 0.05178902 0.1176761  0.08303164 0.06536131 0.06039083 0.07072542
 0.05510537 0.09697614 0.06388388 0.08161399 0.06743976]],[11, [0.06596242 0.04951562 0.06390066 0.10891084 0.08328005 0.07586276
 0.05024819 0.05699125 0.04019839 0.04079446 0.07417598 0.03498562
 0.07665232 0.08214673 0.04660209 0.06670394 0.06771543 0.07263401
 0.03654455 0.05423601 0.03079484 0.04761419 0.0512437  0.04127604
 0.06528759 0.05271679 0.05106535 0.03582324 0.03579928 0.05748906
 0.03617736 0.05087494 0.04305919 0.0416248  0.03714069 0.04261539
 0.03526249 0.0162818  0.04983602 0.04188158 0.03862844 0.03917153
 0.06199229 0.02968645 0.02104987 0.04510873 0.0288042  0.03241927
 0.02782672 0.03702346 0.03204691 0.03310303 0.0337638  0.03333432
 0.0250622  0.04118157 0.01707161 0.02565916 0.03684978 0.04679713
 0.02136374 0.01874148 0.02695486 0.03184678 0.04164446]],[10, [0.07225102 0.06201088 0.06447909 0.02441322 0.07564775 0.04790711
 0.08700587 0.06566469 0.06945256 0.04649515 0.07512835 0.05431592
 0.05079867 0.06076172 0.04902349 0.04506598 0.03169963 0.05670183
 0.07922856 0.05934346 0.05514076 0.05601225 0.06374424 0.03596507
 0.04591611 0.06241721 0.06958905 0.04912719 0.03368222 0.04106772
 0.04623295 0.03560573 0.04766748 0.0576204  0.04214337 0.05902769
 0.03869614 0.03821257 0.03758132 0.05589618 0.03197556 0.04530348
 0.04117237 0.02917892 0.04858435 0.0334787  0.02920929 0.04017017
 0.03487006 0.05267896 0.02621897 0.04063843 0.03071256 0.03562467
 0.02452458 0.03201913 0.03965415 0.04009889 0.04123482 0.0324197
 0.02832877 0.02982433 0.03104853 0.01947468 0.02794249]],[9, [0.06500684 0.07482253 0.07548978 0.0847115  0.0707651  0.05482294
 0.08262488 0.07328288 0.04212568 0.04187896 0.05168749 0.05703691
 0.03434358 0.0576367  0.05687142 0.05821044 0.06440841 0.04868974
 0.04602912 0.08894175 0.07290347 0.09297151 0.04315511 0.02909631
 0.04725517 0.03912727 0.05902577 0.04793509 0.05783382 0.06658122
 0.04265993 0.04134211 0.06688435 0.03961876 0.04189371 0.03256789
 0.03426045 0.02150153 0.04305425 0.04507177 0.04584004 0.04950653
 0.07143808 0.03799646 0.03770165 0.03834463 0.0381476  0.02173158
 0.04906633 0.04443909 0.03173664 0.03888058 0.04387431 0.03887853
 0.0366104  0.03951351 0.04020037 0.03792287 0.04195531 0.03465493
 0.0486901  0.03297744 0.03198199 0.04764989 0.04271748]],[7, [0.08125802 0.04240548 0.04473012 0.06691698 0.05514326 0.05460832
 0.07057141 0.06080339 0.06776421 0.04856611 0.04604498 0.07275952
 0.08055536 0.03998772 0.05360508 0.06304496 0.04596439 0.06287238
 0.06156551 0.09877649 0.06579551 0.09079555 0.06713445 0.03895763
 0.08190269 0.04681903 0.06859835 0.04352379 0.03844899 0.04497184
 0.05773277 0.05251298 0.04794857 0.05025603 0.05105843 0.05095742
 0.06683719 0.05882716 0.0288909  0.03575891 0.04833443 0.03506037
 0.04260324 0.05066797 0.03990281 0.06324576 0.03970381 0.02613657
 0.05743238 0.0513896  0.04228629 0.03627779 0.02814683 0.04978711
 0.03176311 0.02879233 0.02069015 0.04091307 0.03939413 0.04491655
 0.03317636 0.02738834 0.04278339 0.04522359 0.03428978]],[16, [0.07290349 0.05905379 0.04825066 0.07740036 0.08237783 0.05825641
 0.04487524 0.07134242 0.03115443 0.07642157 0.04247808 0.05944871
 0.06213599 0.04419229 0.04326222 0.03508382 0.05480373 0.04359211
 0.03631869 0.02228972 0.04211894 0.0569403  0.04921218 0.04291564
 0.03664035 0.06124962 0.03154626 0.033132   0.04462173 0.04393261
 0.04359329 0.0488762  0.02579185 0.03797394 0.0373857  0.01586684
 0.02843902 0.03097843 0.01930792 0.02546136 0.03083063 0.02007754
 0.02801026 0.0363908  0.01881832 0.03362437 0.02726187 0.02308911
 0.0236546  0.03760655 0.03338514 0.02361455 0.02593077 0.02469423
 0.0195332  0.02828989 0.02423545 0.01687985 0.02398413 0.02897466
 0.03497351 0.02098351 0.03350615 0.02174499 0.02138711]],[15, [0.06824279 0.08179865 0.05574423 0.08235357 0.05622197 0.05155511
 0.06975235 0.06366329 0.0439178  0.0657977  0.0457962  0.0507329
 0.03786527 0.04811713 0.03884671 0.05404133 0.05280898 0.05591285
 0.06077572 0.0460928  0.01820371 0.06013359 0.03662149 0.0665193
 0.03378504 0.02816154 0.04076377 0.03806326 0.03827171 0.03733844
 0.03287603 0.02230113 0.04709553 0.04166818 0.03257063 0.02048717
 0.03597794 0.03579322 0.02826414 0.02740895 0.0445599  0.0249704
 0.03258102 0.01903797 0.02149799 0.02013847 0.02595113 0.02825643
 0.02519702 0.02492892 0.01408353 0.01872774 0.01632742 0.02661429
 0.02555305 0.02123643 0.01943426 0.02887056 0.02715645 0.02497253
 0.02255536 0.02389874 0.01568887 0.03215883 0.02201175]],[14, [0.08554424 0.09818437 0.07140871 0.06545477 0.06923405 0.05431808
 0.07408449 0.05836728 0.04305883 0.03993497 0.05902951 0.05919065
 0.06055346 0.06692962 0.03920851 0.06280252 0.07800404 0.03833444
 0.05494757 0.05045765 0.03929969 0.03216239 0.04500193 0.05842111
 0.03867408 0.04056259 0.06808653 0.03830482 0.03261514 0.04125153
 0.05582629 0.04248295 0.04346368 0.04044924 0.05176536 0.02585797
 0.03386516 0.02638504 0.03313331 0.01785132 0.03845679 0.02407473
 0.04393968 0.03772661 0.03648695 0.03850304 0.02014272 0.04701765
 0.02658416 0.03893832 0.0358324  0.02581417 0.02384001 0.02095882
 0.02289641 0.02947021 0.03063053 0.02232528 0.02130562 0.0162759
 0.01846281 0.01087073 0.02901673 0.01207102 0.02169185]],[17, [0.06760806 0.06923343 0.08649392 0.08419387 0.06865423 0.06221297
 0.04823827 0.03170931 0.06198026 0.03398638 0.03235689 0.06323009
 0.06323946 0.0427325  0.05299881 0.05513353 0.06033474 0.02842905
 0.03690292 0.0312818  0.04677094 0.03995381 0.0474525  0.04092977
 0.03607654 0.03442635 0.0248689  0.03209904 0.04266063 0.06292553
 0.0243704  0.0265267  0.04306549 0.04761195 0.04056686 0.02443888
 0.04292911 0.03401763 0.0284601  0.0257597  0.02045673 0.02518906
 0.02771641 0.02941202 0.03250881 0.03517642 0.02552455 0.02680478
 0.02433652 0.02365581 0.01888102 0.01951466 0.01995195 0.02376106
 0.01988227 0.02043913 0.02492974 0.0227495  0.02968228 0.02893458
 0.02118432 0.02407572 0.02544542 0.0160373  0.02368395]],[6, [0.0564356  0.07416365 0.08613945 0.08575879 0.04850512 0.05350831
 0.07203724 0.08158712 0.04951117 0.082861   0.06787227 0.07142155
 0.08317183 0.06945574 0.06515204 0.06514653 0.09242462 0.05299
 0.06820156 0.0592227  0.04898196 0.0503665  0.07761859 0.05856816
 0.03974457 0.07734831 0.05459171 0.05043615 0.0278585  0.0708872
 0.05721909 0.04350958 0.0641959  0.03407993 0.08286045 0.07682724
 0.04774625 0.03916456 0.06809452 0.0528101  0.0673049  0.05049877
 0.06312615 0.04413939 0.04090222 0.06846609 0.04217206 0.04315641
 0.03102597 0.07513155 0.04970269 0.04687969 0.02344156 0.02141145
 0.05563284 0.02166414 0.03647054 0.03589311 0.04825015 0.04512148
 0.04279282 0.03490628 0.04190822 0.04157664 0.02747864]],[8, [0.05058822 0.08476647 0.0449081  0.10235892 0.05931856 0.0553945
 0.06308984 0.05896767 0.06913009 0.05605291 0.09135727 0.07063182
 0.05430992 0.05631251 0.05612032 0.04723673 0.06711486 0.03947186
 0.05837849 0.07600358 0.04773562 0.03387884 0.05193216 0.07946308
 0.03996529 0.0445619  0.05661903 0.04429239 0.03345299 0.05129671
 0.04013254 0.0472984  0.04360006 0.05263794 0.04735971 0.04100974
 0.03909355 0.03457671 0.03975868 0.02136478 0.04489693 0.03038314
 0.03504197 0.02452822 0.05533668 0.03342582 0.02191018 0.04151367
 0.04213176 0.04990073 0.01894926 0.04533145 0.02192473 0.03214258
 0.02050882 0.0430353  0.03997859 0.0374541  0.04177044 0.04264889
 0.0420367  0.03189414 0.03391698 0.0399899  0.04584241]],[20, [0.06173611 0.07351918 0.07981567 0.0491754  0.09546359 0.04201779
 0.04906215 0.04678046 0.06033852 0.04539954 0.06012216 0.06821559
 0.04352326 0.04279129 0.0556912  0.04605617 0.04058907 0.02743547
 0.02799902 0.03283363 0.05997859 0.04298545 0.03472131 0.03646715
 0.0336523  0.04274693 0.03528958 0.02571625 0.03362899 0.04972322
 0.03542163 0.04539121 0.03019064 0.02455055 0.03564531 0.03195151
 0.0176132  0.03629094 0.0324594  0.02927271 0.02482797 0.02102361
 0.01722965 0.01745018 0.01787888 0.02172849 0.02399256 0.01950048
 0.01488584 0.01017006 0.03275301 0.01806185 0.02431695 0.02375868
 0.0234204  0.01099045 0.01765645 0.01820992 0.01322054 0.02284298
 0.01775942 0.01482112 0.02511456 0.01582703 0.0167683 ]],[19, [0.03249093 0.04593197 0.05706184 0.07141809 0.06124477 0.08502461
 0.04815038 0.07122555 0.04924345 0.11871542 0.03286944 0.04383748
 0.0388822  0.04603625 0.04135937 0.05799033 0.04066127 0.06404617
 0.0391925  0.04507642 0.02508697 0.03558501 0.03299607 0.03018677
 0.02978078 0.0344995  0.04177004 0.02445473 0.02741086 0.04741352
 0.03810819 0.02544965 0.01789237 0.02267155 0.02956785 0.03582893
 0.02932964 0.05201701 0.03259532 0.03028137 0.03989032 0.02444584
 0.02120244 0.03055445 0.02217733 0.02400487 0.02760081 0.02081357
 0.02076367 0.02271329 0.02258089 0.02238597 0.02617246 0.02171313
 0.01852506 0.02785348 0.01109694 0.02375854 0.01900448 0.01794021
 0.01791173 0.01377496 0.01196001 0.01860893 0.01908357]],[13, [0.05932441 0.06853069 0.08854496 0.07850791 0.0738475  0.06022703
 0.04663894 0.07991393 0.0519005  0.06998457 0.05540288 0.06487107
 0.06049076 0.05727562 0.07598435 0.07002714 0.042058   0.03124978
 0.06553332 0.05498882 0.04295608 0.03394851 0.03777933 0.05154093
 0.03605285 0.04301804 0.0424692  0.05113942 0.04232662 0.03289406
 0.01909545 0.04974355 0.05224553 0.03209762 0.03142562 0.06045098
 0.02761288 0.03519232 0.03754202 0.03816825 0.03769734 0.04100946
 0.03225076 0.03065028 0.01780118 0.0372257  0.02873115 0.02508489
 0.03372994 0.03244151 0.03001714 0.02725982 0.03781051 0.02036716
 0.02052528 0.02229223 0.03355767 0.01844438 0.02369449 0.02506107
 0.01719917 0.02724093 0.03538091 0.02035963 0.02034898]],[12, [0.07596684 0.0489991  0.08001868 0.05041729 0.04925027 0.06698063
 0.08190058 0.06198655 0.0486704  0.05292282 0.05650983 0.05131943
 0.03204274 0.08645754 0.0685325  0.05994026 0.03790953 0.04145691
 0.05743968 0.03291065 0.04107318 0.06101286 0.04044214 0.04807129
 0.07158945 0.0230873  0.02688753 0.03936552 0.03607014 0.05912682
 0.02360706 0.05743258 0.03410494 0.04496005 0.04667908 0.04495213
 0.01581045 0.03779188 0.03539084 0.03108034 0.0330764  0.03033563
 0.0271177  0.02503171 0.0313265  0.0283808  0.03968694 0.02819119
 0.03323579 0.03084651 0.04176607 0.02104194 0.04076933 0.02715414
 0.02105408 0.04043568 0.0204899  0.03468939 0.02072393 0.03429316
 0.02286415 0.02366618 0.02651059 0.02636102 0.02350103]],[18, [0.08100829 0.07122822 0.08444423 0.07937248 0.05047422 0.07949655
 0.06408442 0.05122138 0.0527383  0.05665769 0.04616508 0.03918561
 0.04631886 0.04473969 0.04388207 0.0653685  0.04505555 0.03945236
 0.03994032 0.02668573 0.05330393 0.03168151 0.03761543 0.04380093
 0.04634267 0.0407792  0.03933104 0.02058437 0.04569119 0.03602535
 0.03252418 0.03249205 0.03157969 0.03405964 0.0371525  0.03921316
 0.05258763 0.03135823 0.02117866 0.04121506 0.02153999 0.02526676
 0.02593884 0.02280757 0.02454162 0.02144939 0.03721768 0.0219508
 0.02136032 0.02353279 0.01725018 0.01538982 0.02897213 0.03805261
 0.01987108 0.01864367 0.02547006 0.01594864 0.02628175 0.0192901
 0.02285737 0.01219571 0.01158299 0.01807539 0.01411616]],[0, [0.04725038 0.04035724 0.03577148 0.04421986 0.05931034 0.05856166
 0.04252415 0.0397461  0.04331832 0.04956239 0.03874777 0.05460845
 0.05822433 0.04876501 0.04112687 0.0505274  0.06560523 0.04248518
 0.04926432 0.04035342 0.03808064 0.06786869 0.05542884 0.05970197
 0.03261403 0.05923858 0.05751825 0.05194481 0.07161322 0.05705479
 0.07228866 0.0811522  0.10130827 0.03471034 0.06967646 0.06074857
 0.05981604 0.05607921 0.06603981 0.05929512 0.04393516 0.04384882
 0.05834114 0.08769542 0.06741928 0.07473799 0.08222214 0.05895386
 0.09782494 0.06378587 0.05128693 0.05432472 0.06535123 0.10520753
 0.08725791 0.03649093 0.07903921 0.07782557 0.05921059 0.08579816
 0.05564961 0.05913332 0.07914458 0.07229745 0.08132414]],